>GGGGGGCTGGCC	GGGGGGCTGGCC	13.284282	-367.530083	0	T:155.0(6.26%),B:57.5(0.24%),P:1e-159
0.079	0.001	0.819	0.101
0.001	0.001	0.997	0.001
0.198	0.001	0.800	0.001
0.001	0.314	0.680	0.005
0.116	0.001	0.807	0.076
0.056	0.001	0.942	0.001
0.001	0.716	0.001	0.282
0.010	0.291	0.005	0.694
0.272	0.005	0.722	0.001
0.413	0.005	0.564	0.018
0.011	0.970	0.001	0.018
0.087	0.722	0.001	0.190
>CCCBGACBGGGM	CCCBGACBGGGM	10.730961	-276.285025	0	T:160.0(6.46%),B:116.4(0.48%),P:1e-119
0.050	0.766	0.093	0.091
0.062	0.770	0.078	0.090
0.090	0.785	0.041	0.084
0.144	0.262	0.327	0.267
0.141	0.029	0.593	0.237
0.560	0.055	0.060	0.325
0.019	0.855	0.063	0.063
0.092	0.228	0.376	0.304
0.120	0.030	0.751	0.099
0.125	0.054	0.756	0.065
0.092	0.041	0.829	0.038
0.439	0.359	0.061	0.141
>GGCTGGCCGGGC	GGCTGGCCGGGC	14.222233	-287.570895	0	T:175.0(7.07%),B:139.6(0.58%),P:1e-124
0.016	0.001	0.982	0.001
0.001	0.001	0.997	0.001
0.001	0.997	0.001	0.001
0.001	0.001	0.001	0.997
0.001	0.001	0.997	0.001
0.001	0.001	0.997	0.001
0.001	0.997	0.001	0.001
0.001	0.954	0.001	0.044
0.104	0.001	0.894	0.001
0.001	0.001	0.997	0.001
0.004	0.001	0.994	0.001
0.001	0.944	0.001	0.054
>WGAGGSGCYCCT	WGAGGSGCYCCT	10.893842	-273.740558	0	T:160.0(6.46%),B:118.4(0.49%),P:1e-118
0.321	0.001	0.214	0.464
0.001	0.001	0.997	0.001
0.723	0.150	0.001	0.126
0.147	0.001	0.750	0.102
0.001	0.001	0.764	0.234
0.183	0.315	0.414	0.088
0.202	0.144	0.405	0.250
0.001	0.997	0.001	0.001
0.088	0.376	0.161	0.375
0.117	0.859	0.001	0.023
0.102	0.637	0.001	0.260
0.001	0.001	0.073	0.925
>CCCCACCTCCCT	CCCCACCTCCCT	16.539374	-300.662014	0	T:166.0(6.70%),B:110.8(0.46%),P:1e-130
0.001	0.997	0.001	0.001
0.001	0.997	0.001	0.001
0.001	0.997	0.001	0.001
0.015	0.962	0.001	0.022
0.997	0.001	0.001	0.001
0.001	0.973	0.001	0.025
0.001	0.997	0.001	0.001
0.001	0.001	0.001	0.997
0.001	0.997	0.001	0.001
0.001	0.997	0.001	0.001
0.001	0.997	0.001	0.001
0.001	0.001	0.001	0.997
>TCCCRGACGGGG	TCCCRGACGGGG	10.943015	-239.020180	0	T:173.0(6.99%),B:183.5(0.76%),P:1e-103
0.013	0.028	0.019	0.940
0.006	0.946	0.018	0.030
0.006	0.733	0.001	0.260
0.018	0.951	0.013	0.018
0.556	0.006	0.427	0.011
0.013	0.032	0.949	0.006
0.919	0.013	0.016	0.052
0.257	0.546	0.005	0.192
0.067	0.001	0.920	0.012
0.023	0.013	0.932	0.032
0.019	0.006	0.962	0.013
0.038	0.005	0.935	0.022
>GTGGTGATGGTG	GTGGTGATGGTG	13.672477	-5.035118	0	T:7.0(0.28%),B:22.0(0.09%),P:1e-2
0.250	0.001	0.748	0.001
0.074	0.001	0.001	0.924
0.001	0.001	0.878	0.120
0.314	0.001	0.684	0.001
0.001	0.001	0.065	0.933
0.001	0.024	0.974	0.001
0.625	0.099	0.210	0.066
0.001	0.001	0.012	0.986
0.001	0.025	0.908	0.066
0.293	0.058	0.648	0.001
0.025	0.001	0.015	0.959
0.001	0.001	0.858	0.140
>GGGGGCTGACCC	GGGGGCTGACCC	11.367633	-149.817218	0	T:113.0(4.56%),B:128.0(0.53%),P:1e-65
0.049	0.001	0.899	0.051
0.194	0.203	0.602	0.001
0.049	0.083	0.867	0.001
0.189	0.033	0.643	0.135
0.204	0.033	0.679	0.084
0.001	0.997	0.001	0.001
0.099	0.184	0.017	0.700
0.034	0.094	0.855	0.017
0.726	0.060	0.001	0.213
0.100	0.714	0.001	0.185
0.085	0.559	0.095	0.261
0.029	0.957	0.013	0.001
>GTGAGGAGCCCC	GTGAGGAGCCCC	13.680805	-71.723176	0	T:34.0(1.37%),B:17.7(0.07%),P:1e-31
0.001	0.015	0.969	0.015
0.001	0.015	0.015	0.969
0.001	0.029	0.955	0.015
0.925	0.030	0.015	0.030
0.030	0.059	0.896	0.015
0.001	0.029	0.941	0.029
0.896	0.015	0.059	0.030
0.029	0.001	0.969	0.001
0.015	0.896	0.030	0.059
0.015	0.623	0.332	0.030
0.059	0.638	0.001	0.302
0.029	0.955	0.001	0.015
>CACCATCACCAC	CACCATCACCAC	12.653091	-10.046548	0	T:6.0(0.24%),B:6.6(0.03%),P:1e-4
0.006	0.874	0.001	0.119
0.972	0.026	0.001	0.001
0.031	0.678	0.290	0.001
0.176	0.778	0.045	0.001
0.695	0.303	0.001	0.001
0.049	0.190	0.060	0.701
0.001	0.874	0.124	0.001
0.997	0.001	0.001	0.001
0.001	0.636	0.001	0.362
0.218	0.662	0.001	0.119
0.865	0.001	0.001	0.133
0.001	0.817	0.001	0.181
